0	0	0.0013261020519282857	0.0021756894684884123	0.30525769458458835	1.3142450388996715E-5	3.1868957114765034E-5	0.11135643426836682	0.00218954085568998	0.014468613265748251	0.29286764361353335	1.5024483763802326E-5	2.8955462437972558E-5	6.249632108140319E-6	4.614670105205317E-4	0.26977984374760383	2.1730147718579434E-5
1	1	7.043548504457095E-4	2.1630912351824766E-4	4.7908859050172815E-4	0.008392759000970666	8.850830720165333E-4	0.05414827980110132	0.24946153561194778	4.4271487761919154E-4	0.053749525883009644	0.012458907559599245	0.04495684387176039	1.7356839024654667E-4	0.25364890666384227	0.3196786204981596	6.035022052611385E-4
2	2	5.860783925654672E-5	0.2678749456642187	3.738501406705858E-4	3.0370834807985945E-5	7.364584254741896E-5	0.1424418690515333	7.179801634847871E-4	0.037443293790713976	0.3424664343457364	3.4720018030103546E-5	7.348854961614173E-4	1.4442249257104045E-5	6.444357088538354E-5	0.20762029488328132	5.021610941492697E-5
3	3	0.39206226693678004	0.002557406785049886	9.995346751463006E-5	0.06790764774722598	0.0010220830137488378	0.34459259636081635	1.2538770421402466E-4	9.236472755907483E-5	3.2736333923160684E-4	8.70558135064264E-5	1.677755707031718E-4	3.621201339381981E-5	1.6158365712315813E-4	0.1906343926676817	1.2591019545133423E-4
4	4	0.007815273062515393	5.869535065485902E-5	0.017556621651813924	9.904245413393536E-5	0.006775149728641607	0.20529677310832306	0.007787227200942854	0.019725079323027507	0.008049918573370349	0.4521162142843614	0.02091232318882141	4.709767837074633E-5	2.1015719370230508E-4	0.2533866672406559	1.6375996066478904E-4
5	5	0.012751562707000282	8.405443866615037E-5	1.8616654670408682E-4	1.4183334443810345E-4	0.3185293882534303	0.2643594905016934	0.0017932712695701424	0.03916534825742239	0.002169457383214321	1.6214425146015294E-4	3.1248739434222377E-4	6.744603914559377E-5	0.05333186449292192	0.18037262954854136	0.1265728555714496
6	6	0.0037629236231534963	9.321393403323405E-5	0.0019361515481721061	1.5728906434884702E-4	0.05746145041243698	0.32430157428403983	2.589875659194325E-4	1.9077880177553093E-4	0.014513753041716284	0.3443897647486561	0.0020762377035925383	7.479570078019099E-5	0.021090129077439568	0.21905469423364907	0.010638256260286775
7	7	0.06795070212387914	3.098682404721451E-5	0.008118607093534357	5.2287124366953655E-5	0.24910106207078056	0.31710597187988737	8.609444734625786E-5	6.342001572907639E-5	0.0933745036720907	5.9774777751105456E-5	0.002415192327109547	2.4864106891331806E-5	0.0012609441627321205	0.23209421858751425	0.028261370786340032
8	8	0.35692852448662005	7.281137684870075E-5	0.02448113547554368	1.228618173587679E-4	0.00705344558873153	0.16684817344235572	0.021819963277017403	1.4902136010984344E-4	0.02755024665605709	1.404559519314246E-4	2.70689303158513E-4	5.84245050126032E-5	0.01647394621814479	0.3697205334058163	0.008309767135293562
9	9	8.156710323782738E-4	2.504945993930769E-4	5.548037114643498E-4	4.22684243204764E-4	0.00102496152704198	0.08129880081675789	0.06577123933480264	5.126815000256761E-4	0.10872642493759295	4.8321373574002513E-4	0.10319238103903074	2.0099912419293856E-4	0.3216249558337136	0.3144218089211172	6.988796435439047E-4
10	10	0.0036188736896001585	3.768194383328568E-5	0.015466616725988664	6.358446030472376E-5	1.5418513128368085E-4	0.3345768653198886	0.08331359376276783	0.19166735723407397	0.08418147394699618	0.015455847434152408	1.4008935909955034E-4	3.023633134897539E-5	8.341536633035426E-4	0.2703543084175023	1.0513257985623452E-4
11	11	2.654218500314463E-4	0.004619159286502355	1.805348255065761E-4	0.013750485478134417	3.3352561746041574E-4	0.325939618676255	0.003251572241792301	0.06066879582637252	0.07470619039979758	0.1877133390901732	0.04265441173138164	0.01670344684688133	2.918505787623024E-4	0.2339055985502588	0.035016049000690136
12	12	0.31009849462310046	0.003243549880497686	7.660308389271184E-5	0.07258093586424769	0.033514739182489435	0.255748138921564	0.03218573044592136	7.078716876830373E-5	0.03490769282999367	6.671848362244126E-5	1.285810931555879E-4	0.002594923223457439	0.045691117220710516	0.20899549198394315	9.649599463564941E-5
13	13	6.146924297818692E-4	0.40830702336040914	0.0011639446866113527	2.5693956833937474E-5	6.230494194103531E-5	0.1936886156753295	0.005693404444663589	0.002291603684454557	0.18772689320554178	2.937339886042372E-5	5.660895647061749E-5	0.0014249926345195015	0.005988172154636224	0.18525521159733757	0.007671464872608819
14	14	4.342103175937784E-4	1.3334706669778181E-4	0.049783691082011826	2.2500965732311453E-4	5.456229932313047E-4	0.10018980699826223	0.03006350406748045	2.7291835570221115E-4	9.672898586003279E-4	2.5723163056261196E-4	4.957415465121561E-4	0.007530251327363145	0.5497981262459344	0.2589312106903564	3.72038162368249E-4
15	15	8.860318738761514E-6	2.7210258852636873E-6	0.0021266887035018096	4.591455344106878E-6	6.162571479826276E-5	0.0830840191991471	7.560155873015259E-6	0.4000533239054122	0.03172868549632879	5.2489637950250935E-6	0.04015121966130875	5.2675330111053916E-5	9.742563212560134E-6	0.4345157492319304	0.008187288274612787
16	16	6.472033322994623E-4	1.9875775038561552E-4	4.4021522964335786E-4	3.353835551999017E-4	0.3806970951069656	0.08294840818226693	5.522327376681664E-4	4.067928883749121E-4	0.0051299666726439055	3.834113601802909E-4	7.38917450510977E-4	1.5948501025915348E-4	7.116470143136677E-4	0.5260959498148342	5.545338944537997E-4
17	17	0.002184356477460082	1.0014259272309586E-4	0.015087942819398372	1.689804735123345E-4	0.005984562440372887	0.2870843005543404	0.2957428442909208	2.049595271839465E-4	0.08434848533545553	1.9317892063806466E-4	3.72297981633145E-4	8.035531895905902E-5	0.03194911333589332	0.27621908221325286	2.7939771825601263E-4
18	18	0.055924291906862406	5.092947480978082E-5	0.002947975869862597	8.593832589184059E-5	0.10132965333518117	0.29910181952661674	1.4150353003916186E-4	0.0010492947065895643	0.11472152069355594	0.08420845400295057	0.14289317730549222	4.086626960092135E-5	0.005852702849091318	0.19150977902744656	1.420931760092933E-4
19	19	3.2131184714754137E-4	9.867566609150651E-5	0.01669797626697268	1.6650518352759005E-4	0.038855750588616754	0.19132661351358757	0.04238825158962946	2.0195720239238207E-4	0.07578872737474733	1.9034916263360364E-4	3.668444197740594E-4	7.917824380885958E-5	0.43064943274946615	0.20259312119695957	2.753049946449081E-4
20	20	0.0035308462756262742	8.746498860423245E-5	0.024539013649565324	1.475883017225443E-4	0.0068499631688645184	0.13226028534028295	2.4301457434147886E-4	0.00829411033627338	0.26680967141627976	1.687233337258048E-4	0.3330441752141717	7.018269515427308E-5	3.1316614258522886E-4	0.22339776734542374	2.4402721737875154E-4
21	21	0.011701395428613495	6.872573031036225E-5	1.5221601719825635E-4	0.4145851389772533	0.0015564983333476363	0.3105206346398896	1.909490227369877E-4	1.4065936188343385E-4	0.031105485602210263	0.0026831540978410214	2.5550018214088764E-4	5.5146145407415455E-5	0.010448388772268873	0.21506907322279062	0.0014670344661078581
22	22	0.05788338304875119	8.603995321697248E-4	5.000050688781252E-5	0.36449163708979876	0.015592120886757644	0.27752519864580427	6.272367456669463E-5	4.620433198910759E-5	0.028230871506406404	4.354861228016004E-5	0.0017595761656071735	0.012585478190797812	0.011391457474165909	0.22438746986101596	0.005089930473001291
23	23	7.974028139132646E-4	3.655721309866921E-5	8.096812289397154E-5	6.168659120685755E-5	1.495830131779146E-4	0.31645005019741507	0.0014582986974027107	7.482080209950433E-5	2.651833472211056E-4	0.3806325456770332	0.044907910960351356	2.933383727062586E-5	8.092558430992233E-4	0.20801567794939743	0.04623072493441913
24	24	0.21657180781114144	4.920878314196226E-5	1.089892380512517E-4	8.303483313326284E-5	0.002027608079977549	0.3684386560615421	1.367227239143255E-4	0.0010138434739691948	0.09075672753626704	0.0019211836315287353	0.044926263258827745	3.948557109853609E-5	0.05496393055615341	0.21699898800056427	0.0019635504406892877
25	25	0.016517288136056216	7.310770516826406E-5	1.6192135983078334E-4	1.2336184135847982E-4	0.01115195969679264	0.27062901458980854	2.0312399436691076E-4	0.021855270190852795	0.01138313911180363	0.49801419881013265	0.00976800948144602	5.866228152694764E-5	0.004331568197637424	0.15552540419007568	2.0397041314305228E-4
26	26	2.2464707906817325E-4	6.898967579114658E-5	1.5280061236604917E-4	0.0052371634367372735	0.004122851339138313	0.1388878842300622	0.01683412102006089	0.003981762337364364	5.004460569960984E-4	1.3308374331145147E-4	0.0373819215022345	0.006456295878262099	0.00792814128888653	0.5717872089957633	0.2063026828039575
27	27	0.3852408201155642	3.4764887101401134E-5	7.69984200826228E-5	0.007799920860577423	7.873541479731769E-4	0.3460924882492631	0.014288899000277465	0.02910087238169984	0.037668265361690316	0.01683978985554393	0.025933440138815406	2.7895658736669507E-5	0.01109125785452166	0.12492023907321588	9.699399493697353E-5
28	28	1.1536106470702156E-4	3.5427669418500116E-5	0.01322653878906499	5.978060075127172E-5	1.4496120169738043E-4	0.18833973423174802	9.843298605575787E-5	7.250899118742596E-5	0.02326611644949752	0.4720841411033677	0.002103919553698091	2.8427481241387124E-5	7.842514801915399E-4	0.2903379045487634	0.009302493848610024
29	29	0.013057045200585636	8.606808672722736E-5	1.9062644093164826E-4	0.4936486167920322	3.521691797558115E-4	0.29464908706500154	2.3913339262003313E-4	0.011355841908844966	0.0038185282701860314	1.6602865617153676E-4	0.003514170161485635	6.906180849826616E-5	0.005099459577360579	0.1447662635608941	0.028987899898904816
30	30	0.33393038820664867	2.846615352593692E-5	0.002704168785819277	0.012197190389231985	0.023886565492007003	0.22739537393833165	7.909096305433005E-5	5.826101770257117E-5	2.0649139348077452E-4	0.017486310965775204	0.034440401127407275	2.284149814693843E-5	6.30146532484518E-4	0.3468548830008615	7.94205355224225E-5
31	31	0.11850845356479232	2.9542918146505404E-5	6.543263078278438E-5	0.006080104389795532	0.3411043193360785	0.2913655556434614	0.0028231070824073505	6.046480693469498E-5	0.023787112123504574	0.0011533991931261594	1.0983107685168344E-4	2.3705503783070278E-5	1.057776587442962E-4	0.2141525644812674	6.306295903237855E-4
32	32	0.2064302386971508	8.353328033094566E-5	0.0017350741787058516	1.4095394257858398E-4	0.006542045025930796	0.5448316639401964	2.3209063291400095E-4	0.028072080024351874	6.059442994938117E-4	0.035812562862912255	3.10549895112056E-4	0.01091746123185928	2.990887622143581E-4	0.1637536554704203	2.3305775582863864E-4
33	33	0.043137628560183654	0.0018765822384340788	0.004871406536578093	0.013029769243967478	0.034985430499511166	0.33473631481563854	0.014908172864891434	4.0954493845876005E-5	8.877816108418238E-4	0.39066134912874884	7.439164017949072E-5	1.6056396406685055E-5	0.0089831917430362	0.15173514168299856	5.582854473799699E-5
34	34	2.3550053405306369E-4	0.0014143605494551855	1.6018292321049748E-4	1.2203739137369957E-4	2.959268840263149E-4	0.21806806298224335	0.0069111319472615115	0.009542285653474975	0.008576850791151516	1.3951346598242026E-4	2.688729268407815E-4	5.803246555614218E-5	0.6108861264845292	0.14311933447565398	2.0178052518736016E-4
35	35	1.4253492831931068E-4	0.0016682893553096139	0.07238793486853998	7.386221395067635E-5	0.25766497671943744	0.25544731211086064	1.216193578599938E-4	0.009024429726033536	0.007627849268936441	8.966977392161684E-4	1.6273331824215239E-4	3.512371363189264E-5	1.5672749368187138E-4	0.3944677830396025	1.2212614637779453E-4
36	36	9.741544109191582E-4	2.9916523846469883E-4	6.626010502560935E-4	0.006056186935167026	0.28989565762755604	0.19701977460794184	0.039690838483064754	0.139396692630621	0.057683881959893386	5.771012741685397E-4	0.07328008721909149	2.4005288363928692E-4	0.006622529365854292	0.1867666056429147	8.346706704476538E-4
37	37	0.026414130500965218	3.0827293271194155E-5	0.0321024069802029	0.31124070618412836	0.01557116441461958	0.3343506567870079	0.022395134368772662	6.30935077814059E-5	0.012236417555684402	5.9467036736197057E-5	1.1460597086609777E-4	2.473609795884543E-5	1.1037633085127154E-4	0.24520026885846413	8.6008112689838E-5
38	38	1.1334912925131914E-4	0.0032645012108835168	7.709789253704922E-5	5.873800712993048E-5	1.4243302997725207E-4	0.07007801217062842	9.671628193934565E-5	0.13830203683690787	0.09778918837115431	6.714944384957392E-5	0.2946772684073946	2.7931696484449274E-5	1.2463559036409846E-4	0.3511600194312793	0.04402092250021899
39	39	0.0030219988909527254	0.017241328691958324	0.020527643610725437	2.700645540920046E-5	0.019963706596476387	0.38236959917942037	0.024100523836857696	0.020821940650317547	0.16167775624812405	3.2786219386605006E-4	0.0365890668674037	1.284238523690433E-5	0.06569172857308281	0.24342450567855695	0.004202490141611764
40	40	0.009264574021884511	3.789391768949526E-5	8.392870036717284E-5	6.394214469875153E-5	0.10563023235249036	0.2373123058383264	0.014871810445192058	0.01976625684815451	0.03683960872846985	7.309882757125859E-5	0.02404858484856452	3.0406421081660873E-5	0.3130453784995415	0.23601358295591146	0.0029183954500565422
41	41	0.011705641268389081	1.2188635322521121E-4	2.699579204902844E-4	2.0567086513966106E-4	0.3578552225156014	0.25442484112184777	3.386516218630882E-4	2.4946197864371097E-4	8.841546821853368E-4	2.351234726033393E-4	0.029855883795183707	9.780270835657667E-5	4.364109534849122E-4	0.34297922795799457	3.4006278499134924E-4
42	42	0.01141361901541251	5.503863888285763E-5	0.10531673671471818	0.37695592292901264	2.2520440557348382E-4	0.24765750449370819	0.0011742295991873889	1.1264630858390798E-4	0.003463173499031087	1.0617165547309152E-4	0.0032685432165092915	0.012299872469166114	0.00121837351200609	0.2365794058036989	1.5355773903625455E-4
43	43	0.0053729107662660956	6.934477306224896E-5	0.022028793562883196	1.1701227488752355E-4	0.39789778854616253	0.24640523373187773	0.006626553239904725	0.006575810598051105	0.004363352460017022	1.3376873963207557E-4	0.0015445784353182313	5.56428708907939E-5	0.051719361222326544	0.24660216213270741	0.010487686646012745
44	44	2.131845955914428E-4	6.546951865355465E-5	1.4500405208249165E-4	0.004969940290068538	2.6788496828449135E-4	0.18768508443011717	0.33791486632891493	1.3399494883557575E-4	0.04178038156514055	0.007415493895760942	0.024540730204253073	5.25333318266399E-5	0.0026641454851034463	0.3907537597252572	0.0013975266601099253
45	45	0.1184797957509441	1.1366009064492676E-4	2.51738122450406E-4	0.048701127252418555	0.07217452403409681	0.3279447599242772	3.157955999133828E-4	2.3262547737987622E-4	0.043006514472654356	2.1925469506390828E-4	4.2255169542447193E-4	9.120188112108131E-5	0.017279770030620655	0.3261584353293415	0.04460824564364873
46	46	9.891003883680762E-5	3.0375518525082964E-5	0.001758241096751146	5.125560826794348E-5	1.2428905823756234E-4	0.08651552153032772	6.480507815378844E-4	0.018099122419159123	0.08645952594017907	0.004004179134530364	0.2875768735934983	5.880283882151025E-4	0.00123606835975847	0.5059609532898953	0.006848605242280101
47	47	0.0013044428774561777	5.980264354998093E-5	0.00790042985958614	1.0091089864537241E-4	0.04130400447163716	0.33123792442578226	0.004605000923823586	0.014548639667445462	0.052590220928167904	1.1536160407023156E-4	0.0035514600083159714	4.7986180169522914E-5	0.3242497333950655	0.20601041182600702	0.012373670290277649
48	48	4.899815923719423E-4	1.5047456366486608E-4	3.332760331141637E-4	0.07564436568195734	6.157044460383657E-4	0.26942387451332245	0.0506783851169348	3.0797280740713946E-4	0.001091531467581623	0.02262818385738223	0.006143894233056779	1.2074214607114824E-4	0.26580148272906406	0.30615030695287077	4.1982385916234115E-4
49	49	0.0031651687236485698	3.295768802601557E-5	7.29957758866675E-5	5.5612757539714506E-5	1.3485465286982033E-4	0.2106799438379131	0.3181080240079593	0.01719141662737505	0.052834101532155626	0.004344567372805773	0.05761011579598542	2.6445545910784664E-5	0.030084939211896616	0.3018974839391532	0.0037613725308743326
50	50	0.001653356105135455	5.077497652484186E-4	0.0011245809488009287	0.019700608754812502	0.0020775856086524846	0.18363559698977353	0.010832658936281197	0.001039199694987271	0.0036831796213756727	9.794688647231176E-4	0.048997231720135336	4.074229878463516E-4	0.6048206249086527	0.11912411383385084	0.0014166212597241468
51	51	0.022075206464599716	2.692985348683834E-5	0.009054538179078477	4.5441397811684846E-5	0.001609339096579117	0.3140668150784367	0.3318864327708672	5.511670796318789E-5	0.027679742616652337	5.194872519341964E-5	0.003598130506052036	2.1608757149309853E-5	0.006093017014725083	0.28366059857122056	7.51342601843388E-5
52	52	0.02177391538646849	1.746772095785152E-5	0.022403994084411034	0.010077655964510091	0.011092059129460353	0.14310238782023288	0.06519964146551388	0.019159708083896655	0.0036921931339824678	6.819656460010889E-4	0.0075200413734593545	0.002607095213151839	0.011407263160069599	0.6799193374183365	0.0013452743995478447
53	53	2.1907221532817534E-5	6.727762129394318E-6	0.4005075006716183	1.1352416583091022E-5	0.005520568973068268	0.12165715015336673	1.8692556601629353E-5	0.015993524160627673	0.038749770879244826	1.2978112420753225E-5	2.5011657812847387E-5	5.39841696812267E-6	2.4088579303735828E-5	0.4150545631658735	0.0023907652728483663
54	54	0.0747164017727026	4.566448972071005E-5	0.2127885766417385	7.705419727888753E-5	0.16288002694444162	0.34359635175249875	0.005211037034826625	9.346045441556026E-5	0.05540966691450556	0.013645853495734979	1.6976589973395964E-4	3.6641598113567304E-5	1.635005312087309E-4	0.13103859439939994	1.2740387368010523E-4
55	55	3.0352712589072156E-4	9.321393403323405E-5	2.06453299540719E-4	1.5728906434884702E-4	3.814082076011994E-4	0.27068092857646686	0.15766152819137566	0.019217459536720792	0.002405865301296574	0.2924988172897145	0.015913823692643637	7.479570078019099E-5	3.337500938629209E-4	0.2398110732172257	2.600667684984514E-4
56	56	1.1371639812573109E-4	3.4922588227600996E-5	7.734770174510087E-5	0.39017372472042366	0.029304299581217417	0.2919317542198763	0.027962372257290435	7.147525320180745E-5	0.01126985669323875	6.736701853076394E-5	0.002721955854578459	2.8022199541649785E-5	0.06039194319084084	0.18575380834226418	9.743398089727794E-5
57	57	1.2126011055180545E-4	3.7239281045042775E-5	8.247878950728688E-5	6.283751172341022E-5	0.056816037184607246	0.3133709683998173	0.005631628681163736	7.62167747820032E-5	0.10530521424405345	7.183600825585366E-5	0.0022115045342330957	2.988113473808955E-5	0.33251409107538027	0.18010980729704987	0.003558998973091539
58	58	0.13132501421064174	1.0380774215102104E-4	0.007935033938093803	0.0753000569856816	0.03509778248364136	0.3881265130023456	0.21988425961678226	2.124609037049561E-4	7.530137611084831E-4	0.0021265284157481255	3.8592382950961723E-4	8.329626789302463E-5	3.7168095141493224E-4	0.13800500441034863	2.896234809348478E-4
59	59	0.0011366786927833423	5.211143536460772E-5	1.1541812805572997E-4	8.79327645097803E-5	0.0031142007642970242	0.2325519768198776	1.4478751424476635E-4	0.4014080235541456	0.09707713742472604	0.0020345074648387205	0.0011607248209666648	4.181468540280459E-5	0.006955522396468291	0.24623784269868312	0.007881320835635999
60	60	2.113869467383798E-4	6.491745622713198E-5	0.03025934599619102	1.095416265365681E-4	2.6562606630025823E-4	0.11864359172548249	1.803680334739638E-4	1.3286505544237703E-4	0.05226967770718174	0.006148341208878634	2.4134224278522467E-4	5.209035196008931E-5	0.5194247701970013	0.27181501575776207	1.8111962803877093E-4
61	61	0.0371417894359975	0.0011453642003117202	0.0023033106920385296	9.882717616290153E-5	2.3964473486205563E-4	0.33526611304256626	0.2033936582408494	0.0012066657307874392	4.2484632168124543E-4	1.1297948706164352E-4	0.028474443318638368	0.0011337917366452642	0.015424850409853363	0.3093493221216987	0.06428439335084554
62	62	0.008399904936470873	8.746498860423245E-5	0.009931837667031526	0.5016606303687162	3.5788495440505346E-4	0.14199840266197217	0.005112073235186077	1.790125681990487E-4	0.0022574841770565957	1.687233337258048E-4	3.251667231241135E-4	7.018269515427308E-5	0.04413469409018662	0.28507251038278864	2.4402721737875154E-4
63	63	0.002196602103403589	1.0070399776121762E-4	0.11608154462548306	1.6992778760311643E-4	4.1205568333471394E-4	0.271875541721026	0.0058858546699272945	0.0020747940593913165	0.16891219600218052	1.9426189259191663E-4	3.7438510517256985E-4	0.0019494913129284382	3.6056807443825533E-4	0.3413028896042638	0.08810918336049414
64	64	0.002360713668833821	4.006309069415729E-5	0.012726864843878336	6.760240424956528E-5	0.025440191766332363	0.2917849194502762	0.0023415706893092	8.199620064668321E-5	0.03523133202146932	7.728324589240713E-5	1.489416980111846E-4	0.2133935483387652	0.13247211887634858	0.2569579751196116	0.02687487858568144
65	65	0.05564298301696019	8.289085057980172E-5	0.003259871079429993	1.398699074982572E-4	0.060326661598509454	0.3929800038355106	0.2909389250240146	1.6965078575195596E-4	0.009830129219258724	1.598996451994614E-4	3.0816154772471285E-4	0.03236747006907905	2.9678855901010137E-4	0.14865100695483802	0.004845687906635099
66	66	2.3024751938184563E-4	0.004007017384668133	1.5660992390038235E-4	1.1931525653905509E-4	2.8932601464973923E-4	0.2866816381468229	0.001508563606255886	0.05000461846804055	0.02937917935004398	0.030314761312385124	0.33878534629465573	5.673800822423361E-5	2.5317385054099623E-4	0.25801618520348313	1.9727966040827453E-4
67	67	0.12177171930647865	8.847010962910184E-5	1.9594652058291105E-4	1.492843415603511E-4	0.05125379246807412	0.4013725207254539	2.458072238566528E-4	1.8106972614171857E-4	6.417556977645386E-4	0.30059641870234993	0.0019705742404071943	7.098921332351165E-5	0.0019584357528497098	0.09955633486427568	0.01994688110725205
68	68	0.3757464957950943	4.024259347054019E-5	8.913062505340291E-5	0.04412617948024571	0.006885416360963766	0.3461115416013503	1.1181087288413901E-4	8.23635848253351E-5	2.9191682660745645E-4	7.762951366569186E-5	1.4960903165541815E-4	3.229101969634959E-5	1.4408757110596305E-4	0.22599900833398937	1.122767893923333E-4
69	69	0.008132734824099954	3.921759211598324E-5	8.686041820206948E-5	6.617571110922575E-5	0.012531883032362565	0.23978003236585688	0.33486488233540623	8.079959977240326E-4	0.01847773802813115	7.565224655145426E-5	0.03434912060022429	0.012402882960057086	0.05617564755792496	0.28064429877453523	0.0015648775556989097
70	70	0.484046065148159	0.0010579788222232001	1.1982103184636452E-4	0.02418439445389615	0.014275673658982769	0.3217335923237067	1.5031078434144494E-4	0.006134000712527053	0.0034040711498235687	0.012150913375853655	2.0112400800226642E-4	4.340980776326519E-5	0.009228616569794554	0.1221152115528383	0.0011548166002417098
71	71	0.34669520694845607	4.373730442092803E-5	0.0942423588200897	0.023610174265901288	0.008294952503304816	0.29987793821262004	0.03583187816659948	8.951612885838826E-5	0.027100035340140216	8.437094576746176E-5	0.005843794485043885	0.008962684585983047	0.018011779051245777	0.13037794717822435	9.336260633446997E-4
72	72	1.1776097595868034E-4	0.34362907447124286	8.009874561444602E-5	6.102424510162736E-5	1.479768987169169E-4	0.2882222815279835	1.0048073441322606E-4	0.03497017233016306	0.014355013940110076	0.022886479742382042	0.04778112172622875	2.9018871692409646E-5	0.012880004872352985	0.23463859147986596	1.0089943817352242E-4
73	73	5.242686238210205E-5	0.2847371682447934	3.565974109097916E-5	2.7167825961609288E-5	6.5878908030485E-5	0.17761164913618535	0.0018373112982965358	3.295235625730884E-5	0.2863316737168275	3.2982125522884224E-4	0.013802950751187136	1.291912180853232E-5	6.551729890516692E-4	0.23442232764073018	4.492015216832748E-5
74	74	0.0016101122188345249	3.9885182157050465E-5	8.833901867257118E-5	6.730220162823586E-5	0.05345171113735337	0.16170861944511583	0.0015910542477159968	0.06373179788071537	0.05283771688757512	7.694005346812444E-5	0.024572181121988702	3.200422963715413E-5	0.048990609530593414	0.4179027867960607	0.1732989400484839
75	75	8.808628300919489E-5	0.028137588866498402	5.9914591548147925E-5	5.476205726198595E-4	0.0031225313560763364	0.1387908889200221	7.51605048823711E-5	0.004071156762331249	0.3791865100654515	5.2183417322323825E-5	0.19838025194069878	0.012069079530547658	9.685725826343119E-5	0.23474472235036384	5.774475803648503E-4
76	76	0.02403203512166782	0.015949748857433995	0.014889148896482081	0.001238100573641498	2.5025166696898026E-4	0.35351004715482826	0.0024397267591451566	1.2517484473378474E-4	0.010657743283252186	1.1798007991601115E-4	0.005901869392896943	4.907536972022149E-5	0.0036236795643510805	0.21863072726893393	0.348584691166028
77	77	0.0013540280100323681	6.207589143233758E-5	0.020871577680477756	1.0474677400196227E-4	0.05554490561349231	0.10999464660727631	1.7247296974514655E-4	0.2086198426368362	0.08684233541330022	1.1974678684126984E-4	2.3077821793810518E-4	4.981025475849294E-5	0.033627183823871726	0.4810807637685676	0.0013250855514281507
78	78	1.4405606782684168E-4	4.4239976127645295E-5	9.798416017822615E-5	7.465047499713636E-5	0.0018228724086846123	0.17772263925878568	1.229172854087203E-4	9.054493540848826E-5	0.009351107479915393	0.3990557270773611	0.05188285344572932	3.549855556773721E-5	0.008367667307999552	0.3321824974981275	0.019004744067882138
79	79	2.852701674563861E-4	8.76071767651593E-5	1.940352683769958E-4	1.478282298301349E-4	0.023117679150308327	0.3503134711382271	2.4340963293527102E-4	1.7930358141772282E-4	0.002261154074332974	1.6899762016785158E-4	3.25695333018123E-4	7.029678821610414E-5	0.44249265896365786	0.17986816895310614	2.4442392218382715E-4
80	80	7.489102176844375E-5	2.2999218743034287E-5	0.0107204033866116	0.02009740109000879	0.02271337066588274	0.2571299245315183	0.007745915565131897	0.009862978809576517	0.03686979066221336	4.4366379294605884E-5	8.550370511024408E-5	0.20359182708715962	0.09013262391156011	0.34084383617164044	6.41677937802452E-5
81	81	1.7475710153922667E-4	0.0030413128699145003	0.0021106294315131092	9.055988293882391E-5	0.28603759086271213	0.34605912480860596	1.4911325049437026E-4	1.0984174918660084E-4	3.8930620758631144E-4	1.0352829575870801E-4	1.995216425559195E-4	4.3063959564020694E-5	0.14359909555552905	0.21774281977589066	1.497346062105342E-4
82	82	0.00268905123019398	1.2328050157361586E-4	2.7304572629488396E-4	2.0802334914924995E-4	5.044331153388001E-4	0.26877307842792575	0.043807306761190316	2.523153498072019E-4	8.942677322297936E-4	2.378128384948221E-4	0.0027459373766338608	9.892138555641775E-5	0.44423969908501604	0.16846789220889957	0.06668493491169566
83	83	3.279165858965897E-4	1.0070399776121762E-4	2.2304254004912986E-4	1.6992778760311643E-4	0.03591708051596769	0.06632013479525614	2.797981174062979E-4	2.0610854188431768E-4	0.008205241496578608	1.9426189259191663E-4	3.7438510517256985E-4	0.013161604417970433	0.31056236398060005	0.5636764661875966	2.809640376652012E-4
84	84	0.47756103618170764	1.1635964819883664E-4	2.5771719167525013E-4	0.006673930735227101	4.761147066360399E-4	0.22561486860266647	3.2329610772048026E-4	2.381505993565475E-4	0.0030032595767586316	2.2446224562040962E-4	0.04145729673854825	9.336803043271917E-5	4.166227282540412E-4	0.24321887362285874	3.2464328433878657E-4
85	85	0.006505324177001365	0.028790959991508176	0.033022300687486045	0.006332123468932773	0.23399343106259987	0.25298355553661056	3.067384053457382E-4	2.2595364847979448E-4	0.011043892419700819	0.022747691854449636	4.104326762823519E-4	8.858616012156327E-5	3.952852763879404E-4	0.4007970966394582	0.002356627995635164
86	86	0.0023263791846651703	5.7628317120595E-5	1.2763709996709127E-4	9.724194321275277E-5	0.00451325560157471	0.22188255612166458	0.02475548128075917	0.038615040440495706	0.0453313078066609	0.2588971873325973	0.021601517953192928	4.624148104596883E-5	0.0023450641463148574	0.2958323082413848	0.0835711530493435
87	87	0.47010901491987	4.823970355606298E-5	0.0036874290582687443	0.023355209712547013	0.0028828244824317954	0.31642558398093296	0.010875788721761776	9.873108498082788E-5	3.499272776462364E-4	0.030528038689566106	1.7933971729854655E-4	0.0018290010577491362	1.7272101812605917E-4	0.13932356185795278	1.3458871731210944E-4
88	88	1.5364184897387722E-4	0.022811557632972473	0.012362243983529728	7.961786808678352E-5	0.23221456692986192	0.32263269361325914	1.3109644936127235E-4	9.656997793457973E-5	0.17282617725947091	0.0018421250356468561	1.7541418232846795E-4	0.009668941940867622	0.04569768803798267	0.17917602251075349	1.3164272897029E-4
89	89	0.1741456635883764	1.156107695400195E-4	0.004546656252867432	1.9508145384268945E-4	4.7305048163649857E-4	0.28852180018306134	0.0260648016216823	2.3661788673491884E-4	0.013710425164743805	0.27053067287963384	4.298036927585684E-4	9.276712344744392E-5	0.0025592402386620736	0.21805525474926865	3.225539137439719E-4
90	90	0.3421031997307895	0.0017214224607523712	1.0003724129025366E-4	7.621464087804738E-5	1.8481189198121285E-4	0.21245722323084795	0.09399580168131134	9.305698989134326E-4	0.00619453201691951	0.017687811693559326	0.0018441717038907548	3.6242363687415066E-5	1.6171908487141805E-4	0.3223802266360264	1.2601572428114615E-4
91	91	7.360312019402431E-5	0.015122416470301558	5.006342341217732E-5	3.81414539952579E-5	0.0030285634211549197	0.1797256305233532	6.280260087854142E-5	0.003401776420459277	0.4271531155690443	4.360341027114292E-5	0.10242720873369465	0.010923557746785613	0.014761305495825036	0.24312514731097631	6.306429965391159E-5
92	92	0.33344245477465306	4.512912095872857E-5	0.033596988988730064	7.615081676472917E-5	0.04205595152723775	0.29015991363884125	0.04618381154588525	0.010141475383923706	0.052247768397115535	8.70558135064264E-5	0.0060297567869158734	8.736379014242057E-4	0.06380595114743248	0.12112804396115968	1.2591019545133423E-4
93	93	0.0011788566221640742	5.404509740533354E-5	0.030205882068586567	9.119562318329373E-5	0.02228433862936201	0.013529013518169531	1.5016004175830134E-4	0.14953864615341375	0.04050694744888767	1.0425507567404476E-4	0.36123509673001675	4.336627325185489E-5	0.013230852269046835	0.3315931412472414	0.036254203201838565
94	94	0.009917936013029044	0.009366750035084831	8.104048216089149E-4	0.002102013386885801	5.728705366691122E-5	0.27525408078829133	3.889962064844297E-5	0.001327647720601319	0.1684510489365478	0.010678750125477955	0.26894359547293584	5.308314139116854E-4	5.0128862351208845E-5	0.22619190595409885	0.026278719794860034
95	95	0.011738889347793541	5.381735202600693E-4	0.0011919644861627821	9.081132594280515E-4	0.0022020720385820965	0.17466588874365174	0.29110279058209476	0.001101467290350917	0.043849735849298195	0.0010381574606051784	0.002000756220834485	4.3183528306875836E-4	0.0019269164504664878	0.4658017359662679	0.0015015035011350453
96	96	1.7510587093755685E-4	0.008036727677073491	1.1910363766639218E-4	0.015058776046704456	0.1139771050097423	0.3667071487473532	1.4941084148323378E-4	1.1006096454573603E-4	0.055272879737323616	0.003097341997110721	1.9991983549122897E-4	0.001041018932611074	1.9254160790360057E-4	0.2401304960386365	0.19573236305541686
97	97	3.872568025288046E-4	1.1892752563353218E-4	0.04660715604358461	2.0067814352253867E-4	0.35578871613492913	0.12687211034493473	3.304307526991389E-4	0.013484478052440746	0.005276382176057535	2.294157801522844E-4	4.4213432616446204E-4	9.542851842990223E-5	0.02028742470401805	0.42954765303548315	3.318076594214138E-4
98	98	1.7440971871115736E-4	0.002041365443679447	1.1863012834263396E-4	0.002078183653656338	2.1916096627818847E-4	0.19032253186247008	1.4881684261049542E-4	1.0962340534170733E-4	0.024242177775181114	1.0332250182044117E-4	0.0011930269256772985	4.297835686215937E-5	0.28742942321440496	0.49063301034877266	0.0011433388561912542
99	99	0.0072168783362377585	0.26780696866255915	0.0015608737144674734	1.268022466253116E-4	0.08257923894509869	0.34092616030380335	0.0016032254382138819	1.5380077930891219E-4	0.10791672398038232	0.0029338338076340493	2.793708616380808E-4	6.0298298143651665E-5	2.6906041998804234E-4	0.18496266874336334	0.0016040954625359794
100	100	1.1895843518391731E-4	3.653243082439565E-5	0.001436720866931766	6.164477363126272E-5	0.01709707701824873	0.12642245893148935	1.0150247851310446E-4	0.046850133406779224	0.026025348598526787	0.0014262800995770775	0.07741685089942374	2.9313951750392834E-5	0.006231937776024026	0.5197104188340415	0.17703482149905478
101	101	0.006358532432450526	1.5751152084503658E-4	3.488617182763733E-4	2.6578472408477703E-4	6.444979226026988E-4	0.1621879529534536	0.0062832701457376265	0.39198004109563345	0.03913921626989676	0.029532029817051882	0.015199669234035595	1.2638866393470494E-4	0.0970169732266081	0.2503198133138059	4.3945696158302036E-4
102	102	1.8276567146603248E-4	5.6127791523015425E-5	0.002207352959443978	9.470995837891196E-5	0.0023127002201018734	0.30150979033954783	0.07410384083912426	1.1487545208906116E-4	0.025403618167732688	0.32714543855369177	0.03041273455406501	4.503744578264045E-5	0.013740719389573894	0.2152230547278908	0.0074472339295882034
103	103	5.8529646874881414E-5	1.7974599887154455E-5	0.01504913892448985	0.008368845974644622	7.354758702560517E-5	0.1332462315384064	4.9941008513706716E-5	0.036059175846540927	0.15289199331295303	0.0020359174541556245	0.3195987438574549	1.4422980949649923E-5	6.435759268938681E-5	0.31007380859508155	0.022397371080332646
104	104	0.0096533051818422	1.0051616466004204E-4	2.2262652109334975E-4	1.6961083828599915E-4	0.28951729412232535	0.31240284044261685	0.011470476509116801	0.02258812465056615	7.291368989871954E-4	0.05801510095635504	0.013430087118424505	0.005676255212034034	0.03952909649195059	0.23248468881782186	0.004010840073920028
105	105	2.2964488408292003E-4	7.052451412096129E-5	0.025020899348146296	1.1900296833076586E-4	0.06572198802776553	0.14459511011596807	1.9594680172308038E-4	0.007996351204291891	0.004437584818468821	1.3604450559895665E-4	0.06176960160248701	5.658950574899109E-5	0.18870075872630285	0.4562584645556866	0.04469148842127718
106	106	0.02078446994376999	7.380860783729925E-5	1.634737422098772E-4	0.009711805796282977	0.4002277615583525	0.3745746531840316	2.0507139716760293E-4	1.5106236969785651E-4	0.01012266348995561	1.423796489395195E-4	2.7439668754093894E-4	5.922469214562726E-5	0.007112313574360095	0.1761909893769268	2.0592593078168052E-4
107	107	0.20276923085775955	0.022374572405292118	9.871348904625301E-5	7.520612344407205E-5	0.0026634778107459127	0.3733992192899754	0.024934946795675223	0.002572330351220063	0.03340478834231657	0.05384339079521278	0.027457920276638927	3.5762783186790276E-5	1.5957912180631175E-4	0.2469891046632424	0.009221756894437706
108	108	0.006543146670478439	3.4653112639921806E-5	0.0013628124083291467	5.847361470620035E-5	0.005929068883294191	0.2729603008436944	0.006526588691195348	7.092372375228477E-5	0.05555201779255986	0.021929893539995946	0.45282249474331454	2.7805969901385564E-5	1.2407457872224095E-4	0.17467500173308267	0.0013827436943335209
109	109	2.583870342321077E-4	7.935129979989355E-5	1.7574987941922866E-4	0.4094778219622271	3.2468576014302953E-4	0.31582836265592584	2.2047132975194916E-4	1.6240646907743637E-4	0.0020480686796598463	1.5307171533851839E-4	2.950026352638423E-4	6.367219813119337E-5	2.841152884601668E-4	0.2439031601641436	0.026725672928426217
110	110	7.829183512167514E-4	2.404361696819187E-4	5.325259691546363E-4	4.057116627156425E-4	9.838049372337683E-4	0.22526665782714494	0.22374735360092807	4.920951446922128E-4	0.01066727919740326	0.004925397050428083	8.938644212228204E-4	1.929281495388043E-4	8.60875522867334E-4	0.48472147122722054	0.04528668076855119
111	111	0.010567209426000996	1.3638431223315163E-4	0.012955954856362356	2.3013470127078987E-4	0.05117359615551293	0.13537193436073638	3.7893305782230307E-4	2.791346158562923E-4	0.0035200990908285266	2.630905942491015E-4	0.04099946945734109	1.0943600133072327E-4	0.3699818027446748	0.3736523085518698	3.8051207391068384E-4
112	112	9.656946950759631E-5	2.965672387233795E-5	0.20698475893376683	5.004271515746808E-5	0.008926414918534098	0.20113538892286678	0.005585565737033334	6.0697730480243295E-5	0.33535798997371863	5.720896325463402E-5	0.007264371098562236	0.0479013485753967	1.061851372191904E-4	0.18636105887521354	8.274222541642704E-5
113	113	0.018364933869247937	0.19638627932076394	0.027888485134880785	8.709060597143977E-5	0.08928008257798915	0.16519911094991335	0.003974321171831399	1.0563379928490226E-4	0.07316187848909635	9.95622092279773E-5	0.004022798458552849	4.141421358167723E-5	0.012635287762812024	0.40860912304410785	1.4399839273842248E-4
114	114	1.0160164685825124E-4	3.120211803185818E-5	0.009911994610343708	5.2650411141144146E-5	0.003601631460720935	0.308887318418108	8.669262470695247E-5	6.386065294545174E-5	0.17276635931497833	6.0190088144439635E-5	0.048751441732659405	0.22641144082447767	0.01284957231273277	0.18565034180319248	0.03077370198095865
115	115	4.902599000080791E-4	0.3160430846800454	1.8427588199564117E-5	1.4039291755391045E-5	0.01130445787087658	0.22826298059061456	2.3116686554236832E-5	0.02194029992392356	0.1677270627563502	1.6049755166719642E-5	3.093138441057461E-5	6.676107265620774E-6	3.385683034242742E-4	0.24835720891300558	0.005426836248399759
116	116	0.009617917910653785	1.2413240492157383E-4	2.7493254996454046E-4	2.0946084968933212E-4	0.046576482699929894	0.2176515285054994	3.4489209940331047E-4	2.5405892067605974E-4	0.05618272394660271	2.394561928835139E-4	0.15479117315243712	9.960496048079321E-5	4.44452883827802E-4	0.3285685984235273	0.18462058449950283
117	117	1.605288729957919E-4	4.9298815497783385E-5	0.06688956356253085	8.318675360690339E-5	0.17035445456955198	0.24652959721470458	0.004710971153760193	0.0010156984012924734	0.009505606562215144	9.509931496311748E-5	0.004757275437225058	3.9557813872284183E-5	0.02121690523860201	0.4625623171174585	0.01202993917172338
118	118	1.4230375352016161E-4	4.3701836052984636E-5	9.679226976848151E-5	7.374241817376685E-5	1.7881703128104785E-4	0.2947691096812468	0.008230830861620584	8.944353657047172E-5	0.061948516464456836	8.430252591882609E-5	0.004217173762031831	3.506674712171886E-5	0.43400984174502666	0.19595842929500032	1.2192807220964056E-4
119	119	0.06125251007637393	6.207589143233758E-5	1.3748773443644454E-4	1.0474677400196227E-4	0.19607595969221675	0.2401586557129801	0.0013243668556363302	0.015101669807117286	4.502939714614207E-4	1.1974678684126984E-4	0.015205398734523496	4.981025475849294E-5	0.008285518334265678	0.3428534974616256	0.11881826191232892
120	120	2.622485394983638E-4	8.05371776554608E-5	1.7837640085803888E-4	1.3589832303620878E-4	0.012285262644203635	0.29065899738103657	0.010685025194135247	0.01660395485769	5.842107900504425E-4	1.5535931942303128E-4	2.99411348081094E-4	0.015009279466162583	0.3290707868905737	0.2938766416168736	0.030114010050722024
121	121	0.004393705796516031	0.008187435774048542	0.030535797397114768	0.008262251874420066	0.01054358938210491	0.22315155150883192	0.21236555493242346	0.014360302755912923	0.016946706139932127	2.0995552667245118E-4	4.046301664524126E-4	0.002106982846136907	3.896969135834804E-4	0.4557202825375494	0.012421556448300595
122	122	0.0010890200443278025	3.3444075970128796E-4	7.407304396853174E-4	5.643348788902958E-4	0.019986317056643384	0.05269018183187944	0.007135173528760411	6.844921637784491E-4	0.033455790024888306	0.00685110536220428	0.001243343281084524	2.6835827980823833E-4	0.6217930813530951	0.25223054166122	9.330893340331579E-4
123	123	0.023963011681891355	5.5721545933132364E-5	0.021837020256335216	0.003195968222437603	0.3155922811926413	0.26520612065616594	0.0053247241923228975	1.1404399864094416E-4	0.02315178760472356	0.0011414702635939653	2.071548031689751E-4	4.4711470659936886E-5	0.02811700342315114	0.3046556488606925	0.007393331827641397
124	124	0.0022875863076030427	3.882206424360078E-5	0.012332627264344458	6.550829792024107E-5	0.03689877884312038	0.216470405936286	1.0786404443388517E-4	7.945622052821188E-5	0.1393170285731886	7.488925804285444E-5	0.15286716851098975	3.115117424180848E-5	0.1276481654473012	0.2987052009116187	0.013075347146137317
